dmotion:
  foot_z:
    t: [0, 0.0443925386769408, 0.1758391257720493, 0.33]
    p: [0.1, 0.0621589623943856, 4.673077504386064, 0.1]
    s: [-3.0, 0, 0, -5.0]
